4.189
3.713
3.902
4.190
3.146
3.901
4.323
3.885
3.736
4.115
3.277
3.826
3.389
3.320
3.323
3.029
4.076
3.649
3.573
4.083
2.909
3.067
3.316
3.949
3.741
2.960
4.171
3.757
3.583
3.488
3.731
3.625
3.499
3.866
3.540
4.199
3.698
3.580
3.565
3.448
3.480
3.740
4.125
3.632
2.946
4.220
3.909
3.069
3.713
3.070
3.825
3.557
4.237
4.025
4.120
3.970
2.906
3.973
3.474
3.414
2.778
3.566
3.429
4.148
4.347
3.846
4.297
3.750
4.154
3.704
3.759
3.698
3.365
4.047
4.006
4.172
2.949
3.657
3.645
3.896
4.419
4.017
3.576
3.839
3.103
4.312
2.814
4.147
3.238
3.511
4.705
2.758
2.973
3.857
3.596
3.605
4.474
3.800
3.215
3.026
4.679
3.129
4.052
3.348
4.295
4.021
3.744
3.135
4.000
3.250
3.728
4.183
3.500
3.694
3.842
3.802
3.299
3.768
3.543
3.619
4.417
2.965
3.401
4.174
4.099
4.000
3.845
4.364
4.025
4.311
3.397
3.966
3.771
2.716
3.657
3.074
3.612
4.492
3.882
3.818
3.696
3.340
3.544
3.469
3.000
3.770
3.503
3.734
3.941
4.022
3.654
4.125
4.077
3.091
2.969
4.236
3.719
4.000
3.778
3.500
4.471
4.121
2.183
4.385
3.982
3.688
2.931
3.846
3.567
3.989
4.000
3.609
3.968
3.649
3.981
3.615
4.114
3.843
2.655
3.695
3.605
3.831
4.099
4.083
3.588
4.254
4.084
3.169
4.000
3.699
3.333
3.091
3.678
3.983
3.889
4.062
3.909
3.749
3.276
3.423
3.954
3.249
2.291
3.556
4.059
3.067
3.522
3.652
3.160
4.027
3.857
3.855
4.227
3.163
4.559
3.232
3.700
3.093
3.333
4.216
3.241
4.088
3.441
3.402
3.433
3.571
3.286
4.000
3.429
4.095
4.227
3.567
4.585
4.310
4.086
3.694
3.404
3.787
4.141
3.301
3.965
3.205
3.606
4.106
2.671
4.000
3.935
4.206
3.945
3.750
3.575
4.017
3.925
3.783
4.016
3.853
4.453
3.717
4.036
3.312
3.576
3.330
3.663
2.785
4.194
4.520
3.389
3.395
3.800
4.198
3.958
3.654
3.727
4.243
4.247
3.522
3.727
3.965
2.872
3.940
3.892
3.517
4.963
3.021
4.165
3.884
3.709
4.589
3.905
3.303
4.137
3.756
3.246
3.490
3.764
3.598
4.000
3.926
4.163
4.181
3.801
2.869
3.861
3.556
2.561
3.938
4.593
3.386
4.041
3.426
4.150
3.737
4.038
3.696
3.864
4.117
3.810
3.952
3.264
4.238
3.261
4.450
3.788
3.329
4.047
3.335
3.669
3.032
2.726
4.013
3.765
4.284
3.352
3.951
2.500
4.308
3.525
3.666
4.024
3.528
4.200
3.691
4.047
2.956
4.400
4.307
3.879
3.780
3.250
3.938
3.757
3.479
3.917
3.586
3.446
4.381
3.293
3.847
3.857
3.642
3.538
3.291
3.744
3.143
3.340
4.069
4.250
3.781
3.195
3.750
3.500
4.554
3.556
4.404
4.078
4.111
3.904
3.513
4.234
3.725
4.114
4.018
3.571
3.591
3.956
3.323
3.676
3.881
3.562
3.673
3.728
3.474
3.581
3.342
3.609
3.561
3.882
3.813
4.156
3.875
3.872
3.592
3.804
4.140
3.796
3.306
3.438
4.353
3.916
3.969
3.280
4.401
4.404
3.070
3.875
3.758
4.045
3.549
3.963
4.359
4.250
3.298
2.500
3.736
3.661
3.757
4.111
3.900
3.347
3.968
3.631
2.986
3.391
4.023
3.833
3.835
4.308
3.528
3.902
3.586
3.957
3.849
3.824
4.000
3.318
4.843
4.838
3.435
3.722
4.196
4.512
4.432
3.665
3.218
4.200
3.395
3.713
3.535
3.688
3.362
3.225
3.537
3.000
3.610
3.541
4.141
3.203
3.731
4.327
3.809
3.629
4.022
4.163
3.381
3.830
3.838
3.583
3.870
3.828
3.411
3.697
3.261
2.931
3.735
4.044
4.051
3.340
3.560
3.333
3.766
3.680
3.938
3.848
4.157
3.795
4.294
3.583
3.651
3.975
3.634
3.418
4.083
4.448
3.806
4.217
3.422
3.952
3.322
3.314
3.828
3.741
3.838
3.147
4.203
3.728
2.932
3.964
4.348
3.378
3.936
4.293
3.845
4.060
3.608
4.025
3.897
4.080
3.355
4.197
4.000
3.159
3.860
3.340
3.748
3.571
3.943
4.306
4.458
3.924
3.231
3.189
3.765
4.079
3.778
3.483
3.232
3.859
3.093
3.757
3.578
3.820
3.763
4.156
3.512
3.816
3.500
3.879
3.680
3.000
3.898
3.722
3.703
2.702
4.000
3.440
2.627
4.583
4.440
3.520
3.329
3.705
3.050
3.972
4.095
3.656
3.667
4.487
3.964
3.855
3.348
3.667
4.282
4.040
4.289
3.466
4.486
3.008
4.057
4.000
4.139
3.231
4.391
3.642
4.296
3.950
2.952
4.474
3.316
3.852
3.652
3.150
3.396
3.524
3.094
4.049
4.030
4.160
3.188
4.346
3.484
3.939
3.500
3.585
3.833
4.128
3.955
4.087
3.000
3.909
3.324
3.042
3.912
4.227
3.680
4.000
4.056
3.562
3.904
3.371
4.254
3.795
3.794
3.581
4.015
4.311
4.058
3.756
4.175
3.705
4.333
4.008
4.111
2.714
3.120
4.477
3.803
3.104
3.723
3.662
3.895
3.613
2.886
4.143
3.432
2.733
3.870
4.017
3.097
3.700
3.017
4.648
3.142
3.580
4.025
3.500
3.893
3.094
3.583
3.847
3.244
4.259
3.872
3.132
4.278
3.310
3.128
3.893
3.678
3.927
3.571
4.237
4.733
3.586
3.895
3.236
3.778
3.487
3.750
3.393
4.311
4.175
3.824
3.886
3.625
3.513
3.803
3.800
3.552
3.053
3.875
3.500
3.303
4.100
3.081
3.371
3.556
3.615
3.850
2.829
3.427
4.000
3.475
3.446
4.164
3.888
4.199
3.154
3.775
3.500
2.910
3.551
3.909
3.833
3.643
4.198
3.932
3.699
3.311
3.527
3.774
3.779
3.429
4.060
3.727
3.590
3.930
3.567
3.303
4.354
4.243
3.325
3.952
3.383
3.370
2.640
2.634
3.594
3.975
3.325
4.321
3.880
2.829
3.775
3.777
4.111
3.971
3.226
4.000
3.588
4.266
4.550
3.717
3.731
4.525
3.575
3.936
4.024
4.438
3.821
2.935
3.769
3.480
3.592
3.214
4.000
3.767
2.580
3.785
3.333
3.457
3.171
3.435
3.521
4.067
3.236
4.063
3.590
3.526
2.904
4.348
3.966
3.460
3.487
3.953
3.443
2.972
4.036
3.150
3.600
3.485
3.660
3.939
3.712
3.273
3.836
4.167
3.970
3.124
4.032
3.817
4.185
3.739
3.343
4.056
4.069
3.697
4.010
3.725
3.323
3.413
2.952
3.723
3.868
3.646
3.619
3.286
3.955
3.443
4.232
3.615
4.105
3.558
4.048
4.160
2.750
2.400
3.261
4.091
3.988
4.219
3.577
3.838
3.944
3.452
3.981
3.917
3.613
4.179
3.265
3.561
3.592
4.118
3.891
3.028
3.413
3.491
4.171
4.189
3.451
3.167
3.938
3.672
4.226
4.051
3.810
3.333
3.659
3.600
3.515
3.611
3.907
3.636
3.843
3.786
4.083
3.829
3.308
4.143
4.025
3.496
2.935
4.089
3.417
4.010
4.141
3.629
3.510
3.778
2.841
3.969
3.744
3.912
3.200
4.443
3.953
3.984
3.557
4.083
3.523
3.577
3.606
4.280
3.459
3.301
3.789
3.524
3.952
3.308
3.901
3.601
3.869
3.721
3.289
4.279
2.832
3.945
4.069
2.958
3.936
3.462
3.696
3.583
3.609
3.990
3.132
4.248
3.230
4.325
3.682
3.051
4.032
4.450
3.710
2.986
3.490
3.511
3.733
3.871
3.758
3.192
2.286
4.040
4.296
3.844
3.620
4.303
3.000
3.741
3.930
2.964
4.524
3.994
4.688
3.778
3.580
3.991
4.271
3.905
3.740
3.938
3.740
4.039
3.434
3.718
4.117
3.564
3.538
4.131
4.115
3.149
3.332
3.371
3.396
3.733
3.260
3.364
3.763
3.886
4.041
3.222
3.330
4.176
4.115
3.542
4.212
3.773
4.017
3.849
4.682
3.549
3.750
3.419
3.345
4.154
3.898
3.936
3.933
4.119
3.187
4.131
3.653
4.136
4.138
3.160
4.141
3.068
4.219
3.840
3.827
2.475
3.703
3.364
3.848
3.487
3.726
3.788
3.251
4.156
3.011
3.989
4.695
3.562
4.073
3.698
3.758
4.000
3.826
3.967
3.195
3.579
4.071
3.942
3.289
3.484
3.824
4.320
3.579
3.932
2.893
4.236
4.318
2.756
3.917
3.764
3.541
3.885
3.882
4.000
3.583
2.901
3.466
4.343
3.343
3.890
3.449
3.474
3.726
3.796
2.889
3.350
3.980
4.485
4.180
3.709
3.716
3.533
3.969
3.734
2.872
3.619
4.427
4.048
4.147
3.448
4.049
3.244
4.019
3.984
3.587
3.741
4.147
4.333
2.692
3.150
3.714
3.862
3.791
3.338
4.000
3.370
2.697
4.059
3.386
3.622
4.000
2.590
3.470
4.188
3.511
2.199
3.324
2.259
3.533
3.833
3.932
3.781
3.705
4.114
3.088
4.327
4.030
3.442
3.975
3.463
3.174
3.866
3.777
3.667
3.787
3.765
3.955
3.228
3.367
3.771
3.222
3.762
3.221
3.217
4.146
3.849
4.796
4.344
3.387
4.420
3.814
3.268
3.745
3.663
3.907
3.757
3.309
3.373
4.302
3.773
3.368
2.799
3.465
3.797
3.315
2.591
3.773
2.570
2.737
3.375
3.192
3.583
4.273
3.641
2.562
3.075
3.968
3.551
3.641
3.441
3.574
3.500
3.429
3.446
2.771
4.012
4.321
3.517
3.249
3.125
4.208
4.143
3.975
3.500
3.662
4.459
2.816
3.357
3.683
3.338
3.644
4.296
3.387
4.161
3.760
4.037
4.295
4.379
2.783
3.325
3.719
3.884
4.167
3.657
3.631
3.564
3.576
3.537
3.707
3.485
3.941
3.560
2.395
4.021
3.412
3.897
3.864
3.855
4.042
3.022
4.035
3.695
4.235
3.455
3.621
3.354
3.964
3.221
3.925
4.047
4.036
3.286
3.792
3.777
4.000
3.937
3.845
4.230
3.885
4.292
3.700
3.375
3.767
3.711
3.864
3.067
4.247
3.640
3.609
3.381
4.333
3.570
3.806
3.596
3.960
4.190
3.378
4.025
3.541
4.118
3.779
4.344
3.367
4.262
3.983
3.788
3.749
3.424
3.140
3.586
3.184
3.342
3.600
4.257
4.250
3.034
4.282
3.535
3.982
3.849
4.467
4.156
3.676
4.000
2.958
3.720
3.479
4.095
3.348
3.422
3.906
3.500
3.947
3.760
4.308
4.182
3.802
3.396
3.426
3.927
3.575
3.896
3.446
3.827
3.791
3.482
3.774
4.267
3.321
3.964
4.333
4.148
4.333
3.607
3.708
3.750
3.479
3.271
3.655
2.789
4.505
3.237
3.662
3.048
3.214
4.017
3.292
4.117
3.703
4.037
3.986
3.919
3.507
3.552
3.285
4.261
3.980
3.500
3.697
3.915
3.075
4.087
3.815
4.030
2.789
2.163
2.379
2.978
4.416
3.720
3.720
3.536
3.778
3.799
4.651
3.759
4.200
3.576
3.032
3.405
4.170
2.633
2.797
3.160
3.646
3.553
4.135
3.447
4.381
4.000
3.627
3.510
3.777
4.114
3.782
3.142
4.273
3.000
3.811
3.922
3.900
3.883
2.821
4.534
3.250
3.316
3.406
4.139
3.330
3.455
3.727
3.951
3.659
4.019
3.813
3.838
3.469
3.403
4.128
3.000
3.827
3.726
3.491
3.711
3.653
4.172
4.018
4.122
3.846
2.795
3.733
3.800
4.082
3.140
4.214
4.064
3.567
3.333
3.832
3.784
3.715
3.545
3.414
2.951
2.647
3.731
3.759
3.012
4.188
3.409
3.648
3.495
3.647
4.212
3.292
4.164
3.381
3.543
3.337
2.405
3.457
3.970
4.542
3.477
3.900
3.353
3.627
3.300
4.250
3.690
2.903
4.454
3.238
3.776
2.806
2.991
3.897
4.150
3.571
3.864
3.754
4.045
3.951
3.990
4.048
3.036
3.340
3.500
3.595
3.676
3.741
3.631
3.534
3.520
4.062
2.694
3.815
3.601
2.971
3.785
3.899
3.757
4.061
3.938
4.103
3.395
4.380
3.230
3.097
3.615
3.913
3.583
3.220
4.095
2.444
4.100
3.249
3.215
3.750
3.796
2.621
2.859
3.864
3.828
3.938
3.904
3.727
3.399
3.507
3.643
3.739
3.810
4.185
3.310
2.983
3.606
4.088
3.235
4.056
3.764
3.750
3.116
3.609
4.480
3.529
4.000
3.264
3.641
3.717
3.735
3.663
4.156
3.154
4.087
3.767
3.851
3.462
4.095
3.840
3.619
3.897
4.222
3.763
3.989
4.370
3.805
4.423
3.672
3.462
3.691
3.101
3.754
3.933
3.583
3.619
3.931
3.940
3.686
3.721
3.806
4.354
3.209
3.982
4.115
3.588
3.494
4.006
2.868
3.810
3.056
3.745
3.500
3.890
4.000
4.589
3.545
3.948
3.178
3.690
3.596
3.870
3.875
4.104
4.161
3.450
3.541
3.220
3.636
3.731
3.325
3.607
4.424
3.332
4.170
3.778
4.000
4.341
3.621
3.039
3.728
4.045
3.565
3.557
3.495
3.302
3.431
3.907
4.100
3.843
4.167
3.312
3.791
3.185
2.083
3.421
3.964
3.574
3.652
3.426
3.393
3.048
3.134
3.083
4.209
4.030
3.944
3.136
3.731
4.214
3.006
3.356
3.439
2.979
3.745
3.492
2.265
3.842
2.776
2.971
3.585
3.781
2.800
3.988
4.205
3.659
2.472
2.681
3.500
4.288
3.062
4.061
3.065
3.230
3.443
3.842
3.648
3.200
3.370
3.920
4.447
3.800
3.480
3.889
3.420
2.772
3.968
3.892
3.640
4.130
3.400
3.683
3.343
3.413
4.000
3.733
4.714
3.862
3.744
4.370
3.727
3.209
3.492
3.558
3.451
3.927
3.556
4.132
4.407
3.486
4.032
3.574
3.536
3.532
3.576
3.609
3.517
3.520
4.478
3.742
3.741
3.653
3.621
4.184
3.931
4.313
3.533
3.554
4.550
4.077
4.194
3.694
3.800
4.330
3.864
3.705
3.658
3.621
3.513
3.333
3.511
3.457
3.477
3.816
4.469
2.769
4.022
2.365
4.243
3.671
4.101
3.750
2.351
4.035
4.213
3.086
3.500
3.397
4.471
3.528
4.270
3.234
3.236
3.410
3.731
3.769
4.000
3.976
3.617
3.968
4.064
3.714
4.405
2.139
3.491
2.918
2.973
4.429
3.834
3.937
3.000
3.571
3.204
3.691
3.947
3.720
3.803
2.159
3.851
3.769
4.091
3.981
3.231
3.575
3.486
2.753
3.270
4.333
3.382
3.770
3.275
3.723
3.275
3.891
3.540
3.295
2.963
3.415
3.579
3.571
2.981
3.056
4.019
3.321
3.844
4.172
3.873
3.586
3.872
3.401
2.428
4.320
3.989
4.177
3.597
3.516
3.615
3.952
4.033
3.433
3.405
4.086
4.234
3.644
3.419
3.143
3.775
3.900
3.777
3.500
3.633
3.795
4.097
3.016
3.651
3.733
3.685
4.037
3.851
4.000
3.365
3.517
3.596
3.592
3.371
3.333
4.100
3.514
3.932
3.310
4.092
4.114
4.168
3.501
3.074
3.977
3.917
2.718
4.129
3.689
3.650
3.214
4.033
4.317
3.773
3.708
3.844
2.698
3.519
4.121
2.817
3.145
4.694
4.268
3.959
3.565
3.311
3.337
4.400
4.500
3.304
3.581
4.094
2.963
3.630
3.917
3.797
3.726
3.818
3.490
3.594
3.615
3.455
3.129
3.651
3.932
3.345
4.333
3.780
3.331
3.867
4.158
3.923
3.384
3.618
3.269
3.520
3.548
4.273
3.750
4.244
4.035
4.150
3.711
3.923
3.792
3.675
4.173
3.647
4.020
3.267
4.106
3.654
3.833
3.183
3.526
3.642
3.548
2.488
4.295
3.739
3.605
3.944
3.897
3.000
3.564
3.386
3.259
3.457
3.276
3.151
3.646
4.085
3.955
3.840
3.556
3.167
3.616
3.667
3.467
3.085
3.483
3.714
3.183
3.131
3.778
4.672
3.055
2.864
3.621
3.912
2.795
3.859
3.952
3.109
4.176
3.518
3.016
3.490
3.794
3.934
3.550
3.123
3.940
3.275
4.508
3.865
3.551
2.668
4.181
3.636
3.125
4.364
3.542
2.761
3.816
3.577
4.273
4.410
3.842
3.764
3.837
3.886
3.627
3.468
3.114
3.483
3.030
3.426
4.143
3.565
3.575
4.591
3.617
3.523
3.333
3.857
4.292
2.924
3.750
4.103
3.895
3.994
4.075
3.871
3.816
3.786
3.592
4.102
4.344
3.725
2.722
3.805
3.900
3.938
4.037
2.458
3.838
2.805
3.900
4.259
3.127
3.991
3.899
3.942
3.559
3.531
3.852
3.830
3.923
3.375
3.681
3.541
4.019
3.667
3.163
3.985
3.560
3.683
2.607
4.216
3.567
3.938
3.450
3.820
3.579
3.370
3.549
3.136
2.571
4.120
4.040
3.590
3.588
4.143
4.114
3.896
3.432
2.900
3.400
3.409
4.174
4.098
3.862
3.319
3.549
3.119
4.300
4.148
2.946
4.000
4.452
4.069
3.573
3.952
3.907
4.413
3.408
4.000
3.696
3.472
3.326
3.482
3.231
3.735
3.469
4.281
3.122
4.338
4.350
3.948
3.662
3.700
3.566
3.878
3.747
3.773
4.088
3.567
3.482
4.056
3.360
4.182
3.293
3.249
3.528
3.708
3.305
2.645
3.865
3.094
3.222
2.246
4.069
4.364
2.897
3.240
3.750
3.480
3.848
3.673
3.862
3.555
4.261
4.506
3.539
3.451
3.670
3.620
4.086
4.260
3.873
2.800
3.208
3.750
3.272
3.418
3.371
2.565
3.250
3.593
3.731
3.919
4.130
3.750
4.132
3.786
4.200
3.532
3.125
3.287
4.064
3.324
3.583
3.922
3.811
3.618
3.184
3.652
3.853
3.978
4.690
3.397
3.486
3.929
4.471
3.950
3.583
3.940
4.104
3.660
4.093
3.690
2.464
3.942
3.811
4.230
4.446
3.060
3.771
3.584
4.136
4.218
3.621
4.287
3.267
2.839
3.332
3.667
3.686
4.233
4.276
3.442
3.730
3.057
3.600
3.892
3.184
3.826
4.000
2.869
3.415
3.972
4.107
3.642
3.070
3.105
4.354
3.282
4.054
3.515
3.077
3.737
4.238
3.509
3.435
3.690
3.966
3.160
3.641
4.160
3.273
2.904
3.200
3.882
3.676
4.034
3.599
3.507
3.089
4.237
3.338
3.673
3.979
3.951
3.487
3.189
3.672
4.050
3.338
3.905
3.908
3.695
3.916
3.750
4.092
4.283
4.250
3.654
4.683
3.401
3.098
3.674
3.922
3.748
3.929
3.075
3.661
3.478
4.097
3.964
3.669
4.000
3.543
3.447
4.472
3.640
3.397
3.684
3.708
3.630
3.642
4.050
3.547
4.261
3.360
3.447
4.112
3.921
3.845
3.775
3.865
4.324
3.393
3.418
3.638
4.105
4.052
4.027
3.698
3.885
3.635
3.600
4.444
3.034
4.054
3.339
4.000
3.100
4.322
4.113
4.409
3.321
4.048
3.325
2.920
3.885
3.885
3.598
4.169
3.723
3.130
3.634
4.386
4.254
3.514
3.861
4.000
3.629
4.419
3.114
2.864
3.908
4.164
2.739
3.774
3.280
3.802
3.697
3.673
4.034
3.357
3.893
3.339
3.293
3.375
3.008
4.214
4.065
3.710
3.733
3.708
3.952
4.182
3.850
4.957
4.361
3.281
3.818
4.194
3.441
3.739
3.652
3.913
3.150
3.103
3.862
3.455
2.714
3.609
3.615
3.560
3.625
3.931
3.857
3.627
3.595
3.612
3.735
4.581
4.138
4.191
3.390
3.792
4.241
4.448
4.092
3.679
4.352
4.095
4.113
3.704
3.368
3.972
3.073
4.192
3.382
3.200
3.738
3.529
4.097
3.783
3.634
3.823
4.045
3.846
3.947
3.690
4.023
3.890
3.972
3.723
4.083
4.000
4.078
3.773
3.340
4.360
3.310
3.467
3.926
3.864
3.940
4.059
3.754
3.881
3.623
3.497
3.833
3.333
4.159
3.667
3.702
4.448
3.088
3.328
4.234
3.820
4.143
4.040
3.293
3.621
3.889
3.884
3.675
3.936
3.405
3.500
3.857
3.647
3.625
3.752
3.590
3.595
3.575
2.878
3.435
4.074
3.862
3.385
3.343
3.537
3.869
4.211
3.877
3.808
3.333
3.050
4.096
3.534
3.415
2.688
3.153
3.170
3.497
3.748
4.118
3.740
3.535
3.219
3.800
4.306
2.921
4.409
4.208
3.707
3.348
3.162
3.600
3.842
4.250
4.054
4.164
4.475
3.551
3.848
3.867
3.909
3.500
3.900
3.369
3.671
3.805
3.703
4.200
3.398
3.545
3.035
3.764
3.535
3.000
3.487
2.990
4.504
3.169
3.617
3.636
3.906
3.905
3.020
3.558
4.094
3.355
3.944
3.567
3.341
4.535
4.207
3.871
4.076
4.419
4.137
3.773
3.300
3.976
3.936
4.104
3.889
3.689
4.008
3.423
3.542
3.882
4.143
3.242
3.693
3.850
3.806
4.097
3.924
3.474
3.985
3.158
3.027
3.880
3.805
3.969
3.316
3.880
4.458
3.690
4.098
3.322
4.144
3.930
3.087
3.702
3.303
3.625
4.130
4.024
3.601
3.489
3.649
3.562
3.836
4.125
3.779
3.860
2.963
3.775
3.723
3.364
3.485
3.424
3.457
3.812
4.074
4.185
4.010
4.606
3.734
3.083
3.154
4.143
4.162
3.703
4.052
4.000
4.341
3.700
3.706
4.122
4.032
3.805
3.524
3.202
3.805
3.633
4.537
3.106
3.352
3.756
3.877
3.704
3.620
2.978
3.793
3.345
3.884
3.897
3.936
4.220
4.177
4.009
4.307
3.109
3.347
3.093
4.091
4.133
3.492
3.580
3.585
3.160
4.237
3.532
2.984
3.919
3.759
4.147
3.387
4.045
3.243
3.335
4.011
3.593
4.270
3.585
3.757
3.950
3.441
3.794
3.411
3.104
3.879
3.810
4.097
3.915
3.399
3.857
3.401
4.130
4.333
3.944
3.149
3.735
3.310
4.049
3.621
4.080
3.132
4.091
4.045
3.903
4.106
3.681
3.612
3.690
3.686
3.450
3.072
3.872
3.406
3.417
3.748
3.553
3.217
3.630
3.750
4.143
3.318
4.170
3.711
3.905
3.784
3.285
3.632
2.700
4.370
3.525
3.597
2.810
4.261
3.467
4.386
4.217
4.490
3.821
3.882
4.500
3.984
3.300
4.412
4.000
4.160
3.388
3.219
2.415
3.685
4.042
4.091
4.080
3.522
3.081
2.750
3.200
2.500
3.941
2.720
3.550
3.333
3.750
3.760
3.872
4.145
3.053
3.824
3.435
3.429
3.810
3.629
4.595
3.352
3.358
4.478
3.981
4.271
4.111
4.434
3.876
3.417
3.703
3.546
4.438
3.406
3.697
4.000
2.861
3.569
1.304
3.853
3.877
4.302
2.709
3.956
4.295
3.427
3.296
3.784
3.790
4.435
4.038
3.953
4.000
3.550
4.103
3.516
4.000
2.760
4.186
3.621
4.137
3.269
4.037
3.753
4.106
2.941
3.674
4.072
3.888
4.379
3.803
3.498
4.236
3.936
3.675
4.257
3.667
3.907
4.070
3.147
4.013
3.971
4.419
3.777
4.246
4.562
2.948
4.068
3.832
3.620
2.510
3.000
4.065
4.130
3.462
3.178
3.600
3.793
3.889
3.898
3.304
3.391
4.115
4.339
3.469
3.667
3.603
3.000
4.047
3.691
3.818
4.207
3.611
3.900
2.964
3.633
3.726
2.915
3.927
3.959
3.610
3.242
4.017
2.947
3.388
4.222
4.000
3.302
4.182
3.868
3.364
3.302
4.513
3.314
2.943
4.171
3.629
2.846
3.287
3.944
3.314
2.715
3.336
4.510
2.767
3.576
4.119
3.461
3.114
2.890
3.538
3.160
3.945
4.195
3.919
3.370
4.023
3.641
3.308
3.728
3.351
4.250
3.613
3.727
2.867
3.607
3.742
3.567
3.883
4.314
3.732
3.478
3.614
3.960
3.440
3.816
3.333
2.718
4.200
4.094
3.908
3.520
3.481
3.810
3.539
3.362
3.688
3.857
3.867
3.739
3.578
3.624
3.872
3.953
4.034
4.289
3.864
4.089
3.863
3.698
3.418
3.293
3.762
3.823
3.559
3.635
2.636
3.958
4.458
3.764
3.665
3.529
3.610
3.769
3.458
3.283
4.535
3.952
3.957
3.840
3.284
3.790
3.843
3.925
3.450
3.634
3.929
3.782
3.307
3.417
4.291
3.529
3.876
3.777
3.548
3.460
4.473
4.395
4.218
3.838
2.839
3.713
4.038
3.750
3.149
4.231
4.208
3.200
3.944
3.241
3.481
4.453
3.023
3.973
4.032
3.977
2.899
3.974
4.542
3.593
4.062
3.455
3.788
3.713
4.292
3.833
3.497
3.435
4.290
4.190
3.601
3.238
3.786
4.000
3.596
4.267
3.636
4.364
3.667
3.533
3.433
3.648
3.159
3.743
3.966
3.966
3.302
3.819
3.257
3.848
3.147
4.012
3.500
2.941
3.264
3.994
4.218
3.924
3.850
3.802
4.154
2.870
3.824
4.000
3.438
4.315
2.506
3.454
3.571
3.429
3.829
3.285
3.700
4.148
4.018
3.250
3.007
3.516
3.633
4.108
2.762
4.217
3.743
3.915
3.769
3.904
4.279
3.602
3.929
3.812
4.526
4.219
4.042
4.410
3.583
3.481
3.822
2.778
4.016
4.277
3.338
3.643
3.914
4.268
3.656
3.265
3.222
3.250
3.508
3.512
3.654
3.472
3.697
4.000
3.568
4.125
3.297
3.688
4.205
3.794
3.933
3.753
3.762
2.884
3.923
3.077
3.381
4.544
4.303
3.634
3.818
3.846
4.062
3.884
3.880
4.039
3.373
3.848
3.705
4.171
4.221
3.919
4.020
4.340
3.645
3.750
4.019
3.799
3.659
3.897
4.107
3.635
3.370
3.283
4.200
4.148
3.441
4.128
3.897
3.992
4.162
3.556
3.688
3.526
3.603
3.242
3.390
3.680
3.343
3.417
3.635
4.297
3.544
3.378
3.622
3.469
3.111
3.561
3.423
3.729
3.765
4.122
3.524
3.270
3.627
3.351
3.464
3.286
3.624
4.098
4.100
3.431
3.344
4.119
3.901
4.115
4.074
3.354
3.686
3.730
3.758
3.483
3.696
4.111
3.883
4.122
3.000
3.614
3.762
4.035
3.406
3.560
3.919
4.034
4.040
4.141
2.878
3.932
3.500
3.700
3.925
4.032
3.333
3.767
3.904
4.182
3.583
4.168
3.644
4.092
3.381
4.180
2.750
3.200
2.867
4.360
3.078
3.351
3.829
3.989
3.784
4.333
4.238
3.183
3.944
3.148
4.300
3.147
3.735
3.500
3.233
3.324
4.105
3.470
3.786
4.083
3.462
4.049
4.396
3.413
3.600
4.141
3.323
2.061
4.537
4.052
2.885
3.686
4.250
3.250
3.324
3.863
3.468
3.746
3.778
4.293
3.700
3.557
3.793
3.667
4.347
3.728
3.840
3.403
3.913
4.124
3.062
4.087
3.857
4.108
2.913
3.885
4.469
3.554
3.370
3.709
3.590
3.817
4.125
2.608
3.310
3.897
3.548
3.738
3.242
4.464
2.886
3.856
3.522
3.622
4.069
4.259
3.850
4.046
3.908
3.243
3.363
3.929
2.750
2.848
4.358
3.857
3.866
3.855
3.664
3.821
3.775
4.100
3.242
3.476
3.069
4.053
3.870
2.686
2.783
4.032
4.500
3.598
4.293
3.419
4.286
4.583
3.577
3.840
2.682
3.750
4.021
3.289
4.113
3.824
4.375
3.238
4.438
4.053
3.964
3.697
3.477
4.400
4.165
4.279
4.667
3.615
3.189
3.646
4.121
2.778
3.002
3.613
4.003
4.022
4.000
3.973
4.243
3.439
3.127
4.000
4.271
3.841
4.905
2.462
3.947
3.506
3.484
3.507
3.833
3.614
3.127
3.531
3.890
4.074
2.748
3.716
3.975
4.012
3.958
3.960
3.310
4.122
4.393
3.546
3.782
4.400
4.000
3.685
4.326
4.000
3.490
3.872
2.939
3.939
4.402
4.072
3.802
3.477
3.483
3.845
3.558
3.537
3.625
4.157
3.741
4.262
3.639
3.906
3.364
3.431
4.258
3.500
3.933
3.741
3.350
3.982
3.579
3.718
3.753
3.483
3.393
3.608
3.571
3.333
3.709
3.380
3.667
2.827
4.187
3.720
3.800
3.543
3.893
3.696
3.826
4.069
3.600
3.545
4.060
2.952
3.842
4.141
3.808
4.122
4.049
3.500
3.767
4.205
3.218
2.732
4.157
4.110
4.098
4.012
3.579
3.870
3.791
4.033
4.355
4.333
2.658
3.943
4.197
3.539
3.975
3.763
4.000
3.600
3.419
3.806
3.276
3.023
3.626
3.825
3.799
4.500
3.550
4.101
4.259
2.906
3.435
3.920
3.100
3.882
4.472
3.859
3.615
4.172
3.603
3.871
4.459
3.371
3.503
4.043
4.418
3.519
4.000
3.793
4.214
4.703
3.295
3.892
3.617
3.814
4.162
4.085
4.015
3.885
3.679
3.165
4.040
3.994
4.435
3.018
2.623
3.957
3.378
3.589
3.787
3.979
3.803
3.809
2.971
4.250
4.082
3.528
2.810
2.876
3.889
3.817
3.921
3.577
3.571
3.286
3.760
4.185
3.761
3.490
3.742
4.208
4.394
4.094
3.523
3.620
4.294
3.261
3.694
2.978
3.687
3.879
3.584
3.408
3.974
3.860
3.306
3.869
3.791
3.045
3.709
3.791
4.032
3.821
3.575
3.478
2.840
3.564
2.571
3.035
3.750
4.234
3.860
3.554
4.073
3.966
3.764
2.456
3.773
4.038
4.111
4.229
3.182
3.606
4.345
3.429
3.393
3.536
2.538
3.946
3.513
3.931
3.200
4.085
3.697
3.109
3.866
3.865
4.310
4.392
4.460
3.977
3.385
3.844
3.250
3.171
3.839
3.957
3.941
2.902
3.182
3.365
4.234
3.361
3.637
3.316
3.325
3.731
3.395
3.323
4.028
3.235
3.629
4.200
3.090
3.695
3.362
4.349
4.067
2.494
4.165
3.713
4.361
3.391
3.446
4.000
4.688
3.974
1.015
3.455
3.725
4.127
3.686
2.805
4.593
3.948
4.114
3.442
3.755
3.159
2.333
4.029
3.665
3.857
3.280
3.425
3.857
3.617
3.008
3.683
2.958
3.113
3.899
3.682
3.986
3.282
3.599
3.639
3.516
4.161
3.298
3.875
3.379
4.000
3.087
4.209
3.696
2.985
3.456
2.988
3.945
3.637
2.571
3.491
4.024
3.855
4.140
3.788
3.018
4.255
3.561
3.952
3.429
4.207
3.309
3.781
3.013
4.158
3.981
4.219
3.741
3.920
3.034
3.451
3.030
3.856
4.143
3.927
3.974
3.195
3.574
4.202
3.320
3.896
3.747
3.488
3.634
3.950
3.201
3.562
3.893
3.874
4.462
3.095
4.281
4.068
4.400
3.079
4.457
2.956
2.930
3.666
3.986
3.453
3.962
3.990
3.940
4.029
3.000
4.607
3.970
3.750
3.787
3.300
4.443
3.705
4.115
3.824
3.857
3.266
3.826
4.193
3.579
3.745
3.100
3.753
3.571
3.769
3.628
3.806
3.459
3.705
3.968
4.256
3.528
3.692
3.471
3.228
3.875
3.783
3.621
2.752
3.370
3.824
3.080
3.641
3.568
3.900
4.531
3.545
4.277
3.612
3.712
3.562
4.083
3.297
3.793
4.031
3.719
3.686
3.436
3.393
3.373
3.776
3.688
4.472
3.874
4.264
3.140
4.010
3.775
4.187
2.542
3.886
3.926
4.000
3.048
3.195
3.359
4.290
4.004
2.684
3.854
3.427
4.000
3.806
3.905
3.629
2.689
3.625
4.240
4.484
4.062
3.875
3.780
3.200
4.032
4.050
3.750
4.232
4.264
3.389
3.576
2.789
3.068
4.138
4.015
3.481
3.633
3.992
3.493
3.814
3.182
3.636
3.561
3.784
2.958
3.341
2.984
4.404
4.403
3.800
3.526
4.448
3.500
4.333
3.937
3.453
4.106
4.042
4.422
2.916
3.424
3.951
3.005
2.967
3.857
3.747
3.929
3.009
4.051
3.402
4.111
3.670
4.254
4.473
3.388
3.770
3.250
3.341
4.088
3.345
3.688
2.667
4.082
4.122
3.957
2.727
4.154
3.149
3.867
3.116
4.439
4.248
4.049
3.713
3.936
3.926
4.278
3.414
3.649
3.976
3.879
3.760
4.520
2.842
3.635
4.000
3.436
2.960
3.846
3.298
4.479
3.701
3.922
3.718
3.568
4.409
3.950
3.304
3.474
3.593
3.734
3.250
2.768
3.693
3.670
3.345
3.709
4.293
4.197
4.160
3.396
2.580
3.761
3.296
3.142
4.095
3.743
3.577
3.594
3.547
4.891
3.333
3.913
3.914
3.656
3.577
3.694
3.410
3.590
3.640
4.475
3.659
3.637
3.652
3.891
3.653
3.308
4.072
4.133
3.931
2.781
3.777
3.935
3.972
3.908
3.942
3.179
3.028
4.263
3.511
3.938
3.875
2.607
3.423
4.353
4.274
4.170
3.708
3.681
3.020
2.655
4.215
3.540
3.424
3.735
4.118
3.373
3.824
3.271
3.597
3.897
3.615
3.442
3.441
3.909
3.883
3.640
2.640
4.179
3.496
3.471
4.026
3.875
3.848
3.736
2.722
3.718
3.500
3.316
3.484
3.520
3.670
3.846
3.663
3.625
3.867
4.417
4.144
2.950
3.558
3.598
3.385
3.662
3.583
3.900
3.217
3.686
4.000
3.941
3.489
3.791
3.100
4.037
3.583
4.134
3.540
2.846
3.131
3.831
3.396
3.797
3.810
2.672
3.808
3.567
2.886
2.833
2.913
3.583
3.471
3.489
2.884
3.724
3.615
3.010
3.462
3.676
3.960
3.429
3.825
3.065
3.126
3.155
3.929
3.383
4.353
3.499
3.896
3.468
4.059
4.281
3.767
4.324
4.035
3.437
3.811
4.000
3.925
3.005
3.318
3.354
3.647
4.226
3.523
3.568
4.289
3.754
3.320
4.298
2.910
4.235
3.470
3.664
2.857
2.318
3.526
3.406
3.111
3.852
3.237
3.438
3.898
3.082
4.190
3.168
2.950
4.150
3.871
3.607
3.955
3.697
3.750
3.962
3.833
4.021
3.890
3.391
3.767
4.181
4.000
3.951
2.960
4.339
3.610
4.487
2.983
3.285
3.756
3.808
3.452
4.153
4.344
4.170
3.790
3.343
3.733
3.860
3.744
4.143
3.632
2.787
3.500
3.526
2.734
3.000
4.020
4.344
3.480
4.333
3.642
4.043
3.515
3.800
3.807
3.793
4.088
4.063
3.537
3.375
3.882
3.543
3.311
3.423
2.800
3.514
3.843
4.000
4.000
3.680
3.984
3.856
3.119
3.610
4.242
4.513
3.918
3.969
3.735
3.158
3.854
3.042
4.458
3.321
4.120
4.120
4.328
3.830
3.962
3.320
3.667
3.671
3.716
4.435
3.597
3.781
3.339
3.783
4.045
3.258
2.516
4.103
3.423
3.583
3.725
3.875
3.673
4.370
3.552
3.783
3.537
4.471
4.018
4.075
3.913
4.636
4.336
3.750
4.491
3.439
3.101
4.152
2.902
3.192
3.365
2.833
4.522
3.227
4.576
3.283
4.038
2.950
3.640
4.086
4.317
3.621
4.304
3.820
3.851
3.980
4.292
3.652
3.924
4.400
3.543
4.319
4.247
4.062
3.609
3.718
2.958
3.710
4.061
3.872
4.003
4.074
4.010
3.554
3.784
3.520
4.146
3.951
3.350
3.872
3.659
3.784
2.701
3.652
3.635
3.952
3.420
3.827
3.761
3.887
3.770
4.098
3.870
3.425
4.118
3.939
4.051
3.824
4.056
3.550
3.630
3.778
3.132
3.765
3.233
3.924
3.567
3.257
3.417
4.417
4.122
3.852
3.281
3.715
3.667
3.145
3.188
3.658
3.658
4.238
3.856
3.246
3.378
3.265
3.771
3.458
2.994
3.460
4.667
2.882
3.806
3.780
4.135
3.917
3.373
3.534
3.588
3.586
3.787
2.744
3.754
3.645
3.744
4.111
3.870
4.053
3.545
3.229
4.357
3.185
2.225
3.694
4.277
4.253
4.100
3.325
4.171
3.882
3.674
4.200
3.724
3.648
3.706
3.240
3.818
3.875
2.947
3.279
4.083
3.788
3.877
3.487
3.569
3.848
3.863
4.259
3.965
3.438
3.577
4.273
3.000
3.622
4.130
3.673
3.488
3.634
3.694
3.550
4.047
3.592
3.407
3.967
4.058
3.406
3.636
3.840
3.636
4.279
3.191
3.331
3.503
3.581
3.551
4.083
1.963
3.831
3.905
3.481
3.644
3.595
3.490
3.625
4.209
3.968
3.617
2.581
4.167
2.954
4.328
3.236
2.550
3.457
3.538
3.695
3.727
3.667
3.610
4.040
4.092
4.339
4.055
3.810
3.636
3.153
3.099
3.656
3.424
2.885
3.400
4.003
3.259
3.598
3.097
3.815
3.296
3.086
3.676
3.440
3.900
3.515
3.333
3.680
3.433
4.150
3.176
4.154
3.677
3.677
3.966
3.067
4.467
3.988
3.294
3.773
3.725
4.000
3.900
3.373
4.000
3.198
3.572
4.036
3.718
3.884
3.300
3.960
3.333
3.510
4.214
4.364
3.236
3.627
3.609
3.629
3.844
2.573
3.500
4.015
3.782
3.667
3.547
3.573
2.826
3.476
3.220
3.776
3.067
3.346
3.112
3.663
2.776
3.164
3.073
4.177
4.088
2.802
2.895
3.682
3.145
2.600
3.740
3.939
4.297
3.333
3.727
3.372
4.410
3.176
3.950
3.381
3.488
3.803
3.394
4.106
4.030
4.131
3.624
3.434
3.371
4.139
3.933
3.586
3.404
3.309
3.831
3.154
3.306
3.802
3.165
4.062
3.350
1.059
3.583
2.775
3.993
3.510
3.800
3.913
2.340
4.203
4.139
3.823
3.778
3.071
4.031
2.964
3.972
3.895
4.158
4.120
4.208
3.961
4.366
3.077
3.919
2.838
4.184
3.862
3.771
3.374
4.409
4.382
3.065
4.548
3.667
3.772
3.803
3.402
3.459
3.304
3.950
3.624
3.800
3.306
3.851
3.607
3.428
3.969
3.807
3.701
3.995
4.235
3.840
3.025
1.815
3.710
2.581
3.821
3.298
3.917
3.967
4.160
2.800
3.000
3.320
3.464
4.024
3.609
3.255
3.476
3.303
3.385
3.628
4.238
4.279
3.575
3.836
3.589
4.350
3.962
3.972
3.617
4.068
3.600
3.709
3.447
3.922
3.924
3.695
3.700
2.088
4.000
3.267
3.730
3.652
3.920
3.651
4.196
3.667
4.581
3.829
4.077
2.773
3.979
4.593
3.840
3.252
3.362
3.373
4.056
4.592
3.301
3.409
3.774
4.064
3.631
3.620
3.500
3.730
3.066
3.187
3.472
3.891
3.697
3.008
3.219
3.276
3.575
4.049
3.952
3.547
3.971
3.164
3.539
3.444
3.818
3.455
3.522
3.974
3.951
3.420
3.562
3.893
3.600
3.375
3.793
3.605
3.911
3.975
4.814
3.755
2.000
3.585
2.892
4.288
2.658
4.025
3.697
3.040
3.434
4.175
3.128
3.487
3.784
4.818
2.979
3.548
4.260
3.396
4.062
3.675
3.886
4.000
2.376
4.108
4.000
4.020
2.857
3.298
4.158
4.091
3.455
4.378
4.281
3.689
3.379
3.880
3.565
3.818
4.095
3.796
3.606
4.227
3.616
3.306
3.739
3.833
3.547
2.712
3.703
3.124
4.363
4.250
3.750
3.903
3.811
3.408
3.515
3.980
4.171
3.167
3.852
4.209
3.704
3.213
3.321
4.381
4.068
3.696
2.378
3.978
3.407
3.293
3.845
3.607
3.971
3.798
2.946
3.303
3.677
3.629
4.265
3.988
4.065
4.250
4.191
4.014
3.871
4.273
4.121
3.158
3.629
3.782
3.490
3.817
3.889
4.055
3.696
3.885
4.094
4.000
3.327
4.294
3.533
3.841
3.980
4.409
3.402
4.100
4.076
3.874
3.531
3.467
4.218
3.650
4.016
4.000
4.167
3.571
3.669
4.760
3.704
4.155
3.760
3.878
3.754
3.487
4.068
3.947
4.125
4.052
3.548
3.638
4.167
3.354
3.667
3.758
4.120
4.146
4.284
3.400
4.400
3.973
4.250
4.197
4.191
3.977
3.701
3.709
4.034
4.018
3.800
3.067
3.363
3.481
3.394
3.176
3.800
3.156
4.294
4.069
3.610
4.018
3.412
3.741
3.277
4.735
4.070
3.784
2.468
3.714
3.975
3.620
3.275
4.017
3.152
4.119
3.260
4.183
3.455
4.405
4.223
4.380
3.960
3.793
3.444
3.440
3.393
3.338
3.771
3.939
3.755
3.375
3.620
3.780
3.535
4.101
3.771
4.037
3.629
3.723
3.477
3.274
3.821
3.043
3.736
3.641
4.000
4.069
3.966
3.941
3.500
4.014
3.852
3.994
4.000
3.667
3.761
4.105
3.799
3.023
3.747
3.262
4.044
4.233
3.896
3.843
3.479
3.581
4.182
3.382
4.027
3.822
3.709
3.326
3.690
4.000
3.537
4.214
4.387
3.930
4.056
3.716
3.605
3.456
3.762
3.955
4.030
2.840
3.884
4.467
3.990
3.393
4.344
4.347
3.421
3.786
3.175
3.933
3.902
4.132
3.073
3.350
4.167
3.665
4.087
3.817
3.548
4.018
4.562
3.390
3.913
3.429
3.965
3.761
3.600
3.383
4.000
3.800
3.846
3.626
2.088
3.496
3.422
4.081
4.060
4.213
3.759
3.750
4.024
4.762
3.522
3.984
3.261
4.214
4.000
4.213
3.846
3.623
3.212
3.500
3.950
4.121
3.595
3.713
3.891
3.412
3.569
4.048
4.364
3.812
3.798
4.250
3.172
4.079
3.565
3.718
3.670
3.797
3.189
4.143
3.802
3.185
3.426
4.160
4.173
3.277
3.834
3.649
3.538
3.111
3.771
3.933
4.357
3.172
3.621
4.071
3.410
3.644
3.107
3.771
3.362
3.087
3.694
2.971
3.568
4.052
4.622
3.937
3.341
3.796
4.370
3.519
3.846
3.883
4.279
3.450
3.857
3.851
4.274
3.458
3.964
3.214
4.089
4.000
4.322
4.098
3.411
4.515
3.805
3.394
4.378
4.435
4.167
4.079
4.096
3.921
3.400
3.929
3.340
3.950
2.969
4.128
4.008
3.322
3.761
3.368
4.314
3.342
3.857
4.176
2.858
3.500
3.652
3.456
3.786
4.131
3.913
4.396
3.957
3.767
3.000
3.971
3.638
2.203
3.838
4.211
3.473
4.200
4.088
3.176
3.650
3.524
4.382
4.047
3.988
3.733
4.190
3.823
3.338
3.690
4.479
3.554
4.340
3.559
4.000
3.649
4.208
3.850
4.071
3.683
4.121
4.143
4.055
4.760
3.547
4.123
4.271
4.520
3.434
4.259
3.440
3.592
3.967
3.429
4.000
3.802
3.767
3.558
2.850
4.412
3.969
3.514
4.194
3.909
4.150
3.750
4.056
3.755
4.441
4.488
3.444
3.992
3.152
3.892
4.181
2.490
4.521
4.341
4.241
3.112
3.865
3.210
3.385
3.740
4.320
3.634
3.057
2.542
3.765
4.375
4.333
3.143
3.050
3.917
3.756
3.451
4.478
3.284
3.530
4.235
3.965
3.196
3.863
3.791
4.393
3.404
4.345
3.077
3.716
3.870
3.748
4.129
3.253
3.532
3.399
3.977
3.575
4.017
3.812
3.250
3.367
3.595
3.874
4.033
3.694
2.780
3.074
3.243
4.212
2.885
4.219
4.189
3.897
2.950
4.069
3.105
3.528
3.776
4.253
4.535
4.250
4.087
4.450
3.655
4.189
3.893
3.487
3.478
4.000
3.939
3.609
3.470
3.647
3.564
4.239
3.962
3.803
3.644
3.910
3.292
3.712
3.542
3.865
3.619
3.930
3.667
3.682
3.691
3.420
4.239
3.150
3.540
2.965
3.457
3.984
3.422
3.375
3.972
4.064
3.351
4.000
3.864
4.058
3.948
3.800
3.718
4.550
3.343
2.419
4.400
3.300
3.348
4.159
3.944
3.353
4.167
3.153
3.328
2.939
3.608
3.819
3.159
3.792
4.130
3.723
3.929
3.366
3.884
3.816
4.086
3.594
3.382
3.455
3.796
4.143
3.468
3.088
3.346
3.771
3.900
3.762
2.968
3.535
3.263
3.533
3.577
4.246
3.811
3.593
4.617
3.298
4.144
4.050
4.059
3.517
3.330
2.938
3.635
3.717
3.869
4.069
3.642
3.074
3.290
3.833
3.637
2.972
3.984
3.440
4.126
3.532
3.367
3.558
3.745
3.615
3.850
3.163
3.509
3.767
3.822
3.929
3.637
3.721
3.915
4.108
4.348
3.516
3.840
3.968
3.636
4.171
4.100
3.119
2.804
4.209
3.381
3.471
3.956
3.457
3.874
3.335
3.667
3.550
3.900
3.990
3.348
3.865
4.125
3.600
4.029
3.897
4.048
3.626
3.814
2.652
3.094
3.892
3.699
3.936
3.375
2.406
3.828
3.642
4.131
3.339
3.337
4.397
3.553
1.927
3.968
4.383
4.215
3.798
3.778
3.617
3.659
3.768
4.639
3.614
3.643
3.926
3.129
3.440
4.058
2.927
3.885
3.714
3.797
3.674
3.619
3.488
3.875
4.040
3.702
3.447
3.620
3.087
4.344
3.862
3.790
3.544
2.685
3.214
3.722
2.630
4.102
4.000
3.969
3.688
4.483
3.746
3.698
3.669
3.811
3.050
4.000
3.925
4.000
4.413
4.000
3.814
3.547
3.958
3.357
3.863
3.435
4.136
3.186
3.362
3.694
4.123
3.299
4.036
4.017
3.667
4.089
3.576
3.500
3.848
3.603
3.352
4.222
4.059
3.238
3.522
2.833
3.860
4.182
3.772
3.509
4.208
3.200
3.632
3.753
2.657
3.888
3.737
4.041
3.807
3.804
3.436
4.580
3.979
3.867
3.836
3.955
3.967
2.990
4.008
4.196
3.576
3.654
3.473
3.591
4.314
3.796
3.984
4.133
2.974
3.819
4.444
4.321
3.362
4.126
3.436
4.223
3.303
3.640
4.156
3.556
3.619
3.578
3.686
3.966
4.365
4.083
3.917
3.850
4.230
3.273
4.096
3.630
3.623
4.157
3.952
3.760
2.899
3.950
3.596
4.045
4.176
3.600
3.676
3.638
3.387
3.426
3.928
3.882
4.430
3.763
4.116
4.298
3.415
4.129
3.290
3.696
2.953
3.340
3.962
3.839
3.726
4.021
3.814
4.551
3.932
3.171
3.708
3.889
4.167
3.967
3.702
3.250
3.680
3.447
3.984
4.110
4.104
4.258
4.025
3.533
4.066
4.106
3.841
3.341
3.910
4.058
3.887
3.771
3.741
4.000
3.746
3.414
4.400
4.286
3.020
3.865
3.422
4.000
4.185
3.604
2.910
4.391
3.879
3.752
3.808
4.074
4.662
3.592
3.574
4.342
3.471
3.592
3.452
3.515
3.648
3.141
3.148
3.635
3.673
3.115
3.284
4.211
2.445
4.179
4.171
2.918
3.507
3.579
3.200
3.984
3.874
3.424
4.041
3.413
3.854
3.460
3.800
3.802
3.725
2.967
3.893
3.310
3.964
4.208
3.872
4.297
4.596
3.883
3.566
3.755
4.071
3.927
3.784
4.417
3.636
4.261
4.039
4.350
4.085
3.146
4.085
3.178
3.868
3.368
3.914
3.443
4.000
2.306
3.520
3.004
3.833
3.520
3.750
4.675
4.200
4.258
2.972
3.640
3.805
3.460
3.854
3.541
3.898
3.652
3.425
3.025
4.128
3.902
3.353
3.908
4.387
2.996
3.435
4.475
4.209
4.177
3.650
3.821
3.730
3.583
3.158
3.935
3.520
3.977
3.382
3.189
3.460
3.206
3.973
4.274
3.760
3.671
3.641
3.565
2.901
3.897
3.434
3.904
3.832
3.761
2.964
4.096
4.128
3.474
3.794
3.864
3.945
3.627
3.951
4.087
3.656
3.878
4.090
3.083
4.250
4.486
3.429
3.824
4.122
3.807
2.801
3.549
3.797
4.412
4.044
3.636
3.734
3.730
3.438
3.600
2.045
3.694
3.460
3.627
4.458
4.146
4.000
3.478
4.200
3.226
4.500
3.654
3.629
3.137
3.947
3.874
3.863
3.959
4.258
3.699
3.861
4.260
3.100
3.758
3.545
3.550
3.602
3.484
3.667
3.690
3.925
3.745
4.083
3.077
2.785
3.750
3.643
3.436
4.093
3.450
3.818
3.176
3.464
4.226
3.231
4.233
3.738
4.125
3.851
3.957
4.267
3.541
3.152
4.098
2.487
3.085
4.106
4.400
3.886
3.708
3.561
3.239
4.037
3.627
3.546
3.589
3.768
4.241
3.113
3.633
3.842
4.103
3.986
3.625
3.500
3.215
3.931
3.461
4.109
3.384
3.734
3.665
4.703
3.864
4.345
3.402
2.909
3.467
3.582
3.738
3.705
3.960
4.182
3.449
3.741
3.519
3.649
4.077
3.593
4.285
3.441
3.701
2.701
3.913
3.720
4.089
3.651
4.167
3.748
3.056
3.583
3.525
3.709
3.722
3.304
3.930
4.075
2.833
3.619
4.066
3.864
3.855
4.299
3.794
3.857
3.438
3.591
3.690
4.000
3.885
3.656
4.115
3.469
3.800
3.438
3.873
3.627
4.019
3.238
4.034
3.620
3.734
2.700
3.836
3.865
3.678
4.051
3.955
3.600
4.226
3.740
3.895
3.825
4.548
3.655
4.144
4.038
2.710
3.826
4.276
4.161
4.008
3.711
3.978
1.845
4.012
3.521
3.405
3.437
4.039
3.656
3.330
4.070
4.000
3.899
3.770
4.600
3.905
4.205
3.330
3.875
3.688
4.134
3.579
3.974
4.170
3.369
4.242
3.545
3.833
3.826
3.682
3.632
3.782
3.209
3.568
3.700
3.346
3.885
4.083
3.271
3.646
3.183
3.908
3.912
3.667
4.088
3.169
3.896
3.500
2.553
3.887
3.759
3.381
3.296
3.200
3.632
3.766
3.500
3.638
3.919
3.854
4.121
3.276
3.785
3.836
3.592
3.870
3.943
3.689
3.169
3.930
4.217
3.125
3.923
3.435
3.610
3.829
3.584
3.853
3.762
3.681
3.458
3.426
4.362
3.558
3.333
4.244
4.000
3.583
4.611
3.333
3.911
4.045
3.239
3.812
4.029
4.077
2.200
4.176
3.753
2.972
4.231
3.497
3.021
3.962
4.326
3.978
3.290
3.608
3.358
3.519
3.875
2.786
3.821
3.062
4.480
3.529
3.780
3.289
3.292
3.773
4.364
3.516
3.844
3.558
3.712
4.389
3.433
3.907
3.405
4.098
3.198
3.727
3.632
3.618
3.929
4.107
4.700
3.727
4.442
3.390
3.228
3.974
3.444
3.588
3.478
3.567
4.321
3.957
3.810
4.404
3.272
4.111
3.245
3.594
4.072
4.106
3.386
3.670
3.161
3.153
3.571
3.344
3.972
3.970
3.000
4.081
3.887
3.754
3.189
3.515
3.591
3.461
4.395
3.500
3.854
3.687
4.126
3.303
3.617
4.250
3.447
3.903
3.939
3.667
4.135
3.850
4.095
2.611
3.303
3.718
3.800
3.878
3.578
